1044782
1115338
1144245
1145961
1156893
1175542
1175844
1195650
1202769
1212586
1212588
1212719
1212729
1212774
1212833
1214247
1222169
1224802
1226147
1236986
1237037
1237192
1240902
1241153
1242172
1243290
1243509
1243523
1244934
1246011
1246124
1258160
1258161
1258162
1258163
1258164
1264717
1264823
1269737
1270421
1270976
1271642
1272064
1273981
1274662
1274793
1275975
1278266
1280838
1280905
1281108
1295776
1295920
1296094
1302689
1303222
1303442
1304300
1304320
1304576
1304626
1304951
1305101
1305494
1306438
1306688
1306809
1306972
1308322
1308352
1310801
1312425
1315242
1315268
1315310
1315446
1315557
1316946
1317724
1325626
1325809
1325835
1325897
1325938
1329765
1330160
1330348
1330451
1330660
1330701
1330809
1330840
1330924
1330932
1331155
1331343
1331349
1331609
1331628
1331925
1332307
1332699
1332778
1332816
1332874
1332913
1333114
1333266
1333730
1333775
1333835
1334604
1334932
1335062
1335241
1335411
1335425
1337481
1337485
1337601
1337608
1337836
1337854
1338489
1339306
1339424
1341199
1341247
1342597
1354158
1355020
1358228
1358246
1358298
1358333
1358459
1358575
1358595
1358625
1358991
1359138
1359163
1359251
1359669
1359720
1359735
1359908
1359958
1360096
1360138
1360181
1360275
1360283
1360293
1360337
1360410
1360566
1360613
1360651
1360709
1360854
1360873
1360940
1360987
1360989
1361018
1361049
1361133
1361153
1361166
1361209
1361241
1361260
1361305
1361310
1361367
1361425
1361507
1362146
1362219
1362360
1362498
1362622
1362667
1362727
1362731
1362734
1362742
1362792
1362800
1362857
1362879
1362905
1363348
1363361
1363418
1363460
1363644
1363989
1364329
1364344
1364396
1365501
1365589
1366077
1366445
1366958
1366977
1368475
1368476
1368598
1369599
1369698
1369896
1370056
1388422
1389875
1389959
1389961
1389962
1390047
1390121
1390127
1390130
1390196
1390200
1390202
1390203
1390204
1390281
1390282
1390283
1390371
1390450
1390451
1390452
1390536
1390617
1390687
1390688
1390770
1390771
1390851
1390932
1391015
1391018
1391019
1391108
1391317
1391402
1391403
1391463
1391485
1391488
1391540
1391541
1391542
1391544
1391545
1391627
1391632
1391633
1391634
1391637
1391646
1391661
1391664
1391716
1391725
1391794
1391795
1391805
1391810
1391880
1391966
1391967
1391968
1391970
1391971
1392600
1392624
1392627
1392631
1392632
1392633
1392634
1392654
1392659
1392660
1392661
1392662
1392663
1393101
1393132
1393273
1394933
1394972
1395004
1395027
1395058
1395085
1395087
1395137
1395139
1395209
1395213
1395239
1395359
1395433
1395437
1396552
1397691
1397750
1397753
1397769
1397770
1397772
1397823
1397830
1397833
1397834
1397896
1399559
1400214
1401568
1401596
1401641
1401680
1401684
1401717
1412759
1417980
1418827
1418843
1419288
1419361
1423177
1423191
1423192
1423193
1423195
1423209
1423210
1423211
1423234
1423375
1423376
1423387
1423389
1423392
1423393
1423407
1423495
1423588
1423710
1423722
1423724
1423725
1423737
1423738
1423739
1423759
1423762
1423799
1423801
1423802
1423803
1423837
1423838
1423875
1423876
1423957
1423991
1423993
1424032
1424033
1424035
1424075
1424116
1424152
1424222
1424223
1424226
1424261
1424265
1424266
1424267
1424268
1424269
1424308
1424309
1424350
1424408
1424432
1424454
1424502
1424504
1424528
1424530
1424531
1424556
1424670
1424671
1424695
1424698
1424717
1424718
1424719
1424738
1424739
1424740
1424741
1424759
1424761
1424801
1424803
1424818
1424822
1424856
1424857
1424860
1424871
1425025
1425026
1425068
1425084
1425085
1425097
1425109
1425111
1425197
1425199
1425210
1425785
1425824
1425831
1425967
1425968
1425988
1426021
1426069
1426072
1426118
1426193
1426195
1426344
1426418
1426532
1426635
1426640
1426724
1426737
1426771
1427371
1427401
1427416
1427582
1427593
1428044
1428092
1428136
1428145
1428328
1428382
1428395
1428437
1428469
1428679
1428733
1428770
1428849
1429086
1430945
1430965
1430970
1431013
1434087
1454988
1455009
1455091
1455119
1455158
1455228
1455249
1455254
1455287
1455315
1455447
1455486
1455575
1455818
1455984
1456140
1456199
1456416
1456536
1456537
1456556
1456660
1456662
1456845
1456846
1456923
1457005
1457020
1457056
1457216
1457227
1457243
1457249
1457260
1457265
1457277
1457291
1457309
1457352
1457355
1457416
1457460
1457468
1457477
1457619
1457622
1457723
1457749
1457760
1457842
1457867
1457903
1458082
1458128
1458210
1458234
1458358
1458366
1458383
1458601
1458626
1458656
1458662
1458679
1458707
1458761
1458791
1458833
1458909
1458956
1458957
1458983
1459021
1459038
1459080
1459084
1459122
1459134
1459154
1459161
1459296
1459333
1459469
1459504
1459533
1459574
1459577
1459586
1459623
1459654
1459721
1460561
1460567
1460597
1460616
1460678
1460731
1460759
1460800
1460840
1460856
1460914
1460915
1460920
1460995
1461140
1461244
1461311
1461433
1462111
1462196
1462255
1462476
1462698
1462976
1463100
1463588
1465607
1489979
1495282
1496381
1496631
1496663
1502226
1554775
1554776
1554777
1554778
1642907
1642908
1642909
1642910
1642911
1642912
1642913
1642914
1642915
1642916
1642917
1642918
1642919
1642920
1642921
1642922
1642923
1642924
1642925
1642926
1642927
1642928
1642929
1642930
1642931
1642932
1658930
1690779
1705733
1705734
1705735
1705736
1705737
1705738
1705739
1705740
1705741
1705742
1705743
1705744
1705745
1705746
1705747
1705748
1705749
1705750
1705751
1705752
1705753
1705754
1705755
1705756
1705757
1705758
1705759
1705760
1705761
1705762
1705763
1705764
1705765
1705766
1705767
1705768
1705769
1705770
1705771
1705772
1705773
1705774
1705775
1705776
1705777
1705778
1705779
1705780
1705781
1705782
1705783
1705784
1709725
1734529
1810227
1872348
1872349
1966580
1966581
1966582
1966583
1966584
1966585
1966586
1966587
1966588
1966589
1966590
1966591
1966592
1966593
1966594
1966595
1966596
1966597
1966598
1966599
1966600
1966601
1966602
1966603
1966604
1966605
1966606
1966607
1966608
1966609
1966610
1966611
1966612
1966613
1966614
1966615
1966616
1966617
1966618
1966619
1966620
1966621
1966622
1966623
1966624
1966625
1966626
1966627
1966628
1966629
1966630
1966631
1966632
1966633
1966634
1966635
1966636
1966637
1966638
1966639
1966640
1966641
1966642
1966643
1966644
1966645
1966646
1966647
1966648
1966649
1966650
1966651
1966652
1966653
1966654
1966655
1966656
1966657
1966658
1966659
1966660
1966661
1966662
1966663
1966664
1966665
1966666
1966667
1966668
1966669
1966670
1966671
1966672
1966673
1966674
1966675
1966676
1966677
1966678
1966679
1966680
1966681
1966682
1966683
1966684
1966685
1966686
1966687
1966688
1966689
1966690
1966691
1966692
1966693
1966694
1966695
1966696
1966697
1966698
1966699
1966700
1966701
1966702
1966703
1966704
1966705
1966706
1966707
1966708
1966709
1966710
1966711
1966712
1966713
1966714
1966715
1966716
1966717
1966718
1966719
1966720
1966721
1966722
1966723
1966724
1966725
1966726
1966727
1966728
1966729
1966730
1966731
1966732
1966733
1966734
1966735
1966736
1966737
1966738
1966739
1966740
1966741
1966742
1966743
1966744
1966745
1966746
1966747
1966748
1966749
1966750
1966751
1966752
1966753
1966754
1966755
1966756
1966757
1966758
1966759
1966760
1966761
1966762
1966763
1966764
1966765
1966766
1966767
1966768
1966769
1966770
1966771
1966772
1966773
1966774
1966775
1966776
1966777
1966778
1966779
1966780
1966781
1966782
1966783
1966784
1966785
1966786
1966787
1966788
1966789
1966790
1966791
1966792
1966793
1966794
1966795
1966796
1966797
1966798
1966799
1966800
1966801
1966802
1966803
1966804
1966805
1966806
1966807
1966808
1966809
1966810
1966811
1966812
1966813
1966814
1966815
1966816
1966817
1966818
1966819
1966820
1966821
1966822
1966823
1966824
1966825
1966826
1966827
1966828
1966829
1966830
1966831
1966832
1966833
1966834
1966835
1966836
1966837
1966838
1966839
1966840
1966841
1966842
1966843
1966844
1966845
1966846
1966847
1966848
1966849
1966850
1966851
1966852
1966853
1966854
1966855
1966856
1966857
1966858
1966859
1966860
1966861
1966862
1966863
1966864
1966865
1966866
1966867
1966868
1966869
1966870
1966871
1966872
1966873
1966874
1966875
1966876
1966877
1966878
1966879
1966880
1966881
1966882
1966883
1966884
1966885
1966886
1966887
1966888
1966889
1966890
1966891
1966892
1966893
1966894
1966895
1966896
1966897
1966898
1966899
1966900
1966901
1966902
1966903
1966904
1966905
1966906
1966907
1966908
1966909
1966910
1966911
1966912
1966913
1966914
1966915
1966916
1966917
1966918
1966919
1966920
1966921
1966922
1966923
1966924
1966925
1966926
1966927
1966928
1966929
1966930
1966931
1966932
1966933
1966934
1966935
1966936
1966937
1966938
1966939
1966940
1966941
1966942
1966943
1966944
1966945
1966946
1966947
1966948
1966949
1966950
1966951
1966952
1966953
1966954
1966955
1966956
1966957
1966958
1966959
1966960
1966961
1966962
1966963
1966964
1966965
1966966
1966967
1966968
1966969
1966970
1966971
1966972
1966973
1966974
1966975
1966976
1966977
1966978
1966979
1966980
1966981
1966982
1966983
1966984
1966985
1966986
1966987
1966988
1966989
1966990
1966991
1966992
1966993
1966994
1966995
1966996
1966997
1966998
1966999
1967000
1967001
1967002
1967003
1967004
1967005
1967006
1967007
1967008
1967009
1967010
1967011
1967012
1967013
1967014
1967015
1967016
1967017
1967018
1967019
1967020
1967021
1967022
1967023
1967024
1967025
1967026
1967027
1967028
1967029
1967030
1967031
1967032
1967033
1967034
1967035
1967036
1967037
1967038
1967039
1967040
1967041
1967042
1967043
1967044
1967045
1967046
1967047
1967048
1967049
1967050
1967051
1967052
1967053
1967054
1967055
1967056
1967057
1967058
1967059
1967060
1967061
1967062
1967063
1967064
1967065
1967066
1967067
1967068
1967069
1967070
1967071
1967072
1967073
1967074
1967075
1967076
1967077
1967078
1967079
1967080
1967081
1967082
1967083
1967084
1967085
1967086
1967087
1967088
1967089
1967090
1967091
1967092
1967093
1967094
1967095
1967096
1967097
1967098
1967099
1967100
1967101
1967102
1967103
1967104
1967105
1967106
1967107
1967108
1967109
1967110
1967111
1967112
1967113
1967114
1967115
1967116
1967117
1967118
1967119
1967120
1967121
1967122
1967123
1967124
1967125
1967126
1967127
1967128
1967129
1967130
1967131
1967132
1967133
1967134
1967135
1967136
1967137
1967138
1967139
1967140
1967141
1967142
1967143
1967144
1967145
1967146
1967147
1967148
1967149
1967150
1967151
1967152
1967153
1967154
1967155
1967156
1967157
1967158
1967159
1967160
1967161
1967162
1967163
1967164
1967165
1967166
1967167
1967168
1967169
1967170
1967171
1967172
1967173
1967174
1967175
1967176
1967177
1967178
1967179
1967180
1967181
1967182
1967183
1967184
1967185
1967186
1967187
1967188
1967189
1967190
1967191
1967192
1967193
1967194
1967195
1967196
1967197
1967198
1967199
1967200
1967201
1967202
1967203
1967204
1967205
1967206
1967207
1967208
1967209
1967210
1967211
1967212
1967213
1967214
1967215
1967216
1967217
1967218
1967219
1967220
1967221
1967222
1967223
1967224
1967225
1967226
1967227
1967228
1967229
1967230
1967231
1967232
1967233
1967234
1967235
1967236
1967237
1967238
1967239
1967240
1967241
1967242
1967243
1967244
1967245
1967246
1967247
1967248
1967249
1967250
1967251
1967252
1967253
1967254
1967255
1967256
1967257
1967258
1967259
1967260
1967261
1967262
1967263
1967264
1967265
1967266
1967267
1967268
1967269
1967270
1967271
1967272
1967273
1967274
1967275
1967276
1967277
1967278
1967279
1967280
1967281
1967282
1967283
1967284
1967285
1967286
1967287
1967288
1967289
1967290
1967291
1967292
1967293
1967294
1967295
1967296
1967297
1967298
1967299
1967300
1967301
1967302
1967303
1967304
1967305
1967306
1967307
1967308
1967309
1974203
