1144245
1145961
1156893
1175542
1175844
1195650
1202769
1212586
1212588
1212719
1212729
1212774
1212833
1224802
1236986
1237037
1237192
1240902
1241153
1242172
1243290
1243509
1243523
1244934
1246011
1246124
1264717
1264823
1269737
1270421
1270976
1271642
1272064
1273981
1274662
1274793
1275975
1278266
1280838
1280905
1281108
1295776
1295920
1296094
1302689
1303222
1303442
1304300
1304320
1304576
1304626
1304951
1305101
1305494
1306438
1306688
1306809
1306972
1308322
1308352
1310801
1312425
1315242
1315268
1315310
1315446
1315557
1316946
1317724
1325626
1325809
1325835
1325897
1325938
1329765
1330160
1330348
1330451
1330660
1330701
1330809
1330840
1330924
1330932
1331155
1331343
1331349
1331609
1331628
1331925
1332307
1332699
1332778
1332816
1332874
1332913
1333114
1333266
1333730
1333775
1333835
1334604
1334932
1335062
1335241
1335411
1335425
1337481
1337485
1337601
1337608
1337836
1337854
1338489
1339306
1339424
1341199
1341247
1342597
1354158
1355020
1358228
1358246
1358298
1358333
1358459
1358575
1358595
1358625
1358991
1359138
1359163
1359251
1359669
1359720
1359735
1359908
1359958
1360096
1360138
1360181
1360275
1360283
1360293
1360337
1360410
1360566
1360613
1360651
1360709
1360854
1360873
1360940
1360987
1360989
1361018
1361049
1361133
1361153
1361166
1361209
1361241
1361260
1361305
1361310
1361367
1361425
1361507
1362146
1362219
1362360
1362498
1362622
1362667
1362727
1362731
1362734
1362742
1362792
1362800
1362857
1362879
1362905
1363348
1363361
1363418
1363460
1363644
1363989
1364329
1364344
1364396
1365501
1365589
1366077
1366445
1366958
1366977
1368475
1368476
1368598
1369599
1369698
1369896
1370056
1388422
1389875
1389959
1389961
1389962
1390047
1390121
1390127
1390130
1390196
1390200
1390202
1390203
1390204
1390281
1390282
1390283
1390371
1390450
1390451
1390452
1390536
1390617
1390687
1390688
1390770
1390771
1390851
1390932
1391015
1391018
1391019
1391108
1391317
1391402
1391403
1391463
1391485
1391488
1391540
1391541
1391542
1391544
1391545
1391627
1391632
1391633
1391634
1391637
1391646
1391661
1391664
1391716
1391725
1391794
1391795
1391805
1391810
1391880
1391966
1391967
1391968
1391970
1391971
1392600
1392624
1392627
1392631
1392632
1392633
1392634
1392654
1392659
1392660
1392661
1392662
1392663
1393101
1393132
1393273
1394933
1394972
1395004
1395027
1395058
1395085
1395087
1395137
1395139
1395209
1395213
1395239
1395359
1395433
1395437
1396552
1397691
1397750
1397753
1397769
1397770
1397772
1397823
1397830
1397833
1397834
1397896
1399559
1400214
1401568
1401596
1401641
1401680
1401684
1401717
1412759
1417980
1418827
1418843
1419288
1419361
1423177
1423191
1423192
1423193
1423195
1423209
1423210
1423211
1423375
1423376
1423387
1423389
1423392
1423393
1423407
1423495
1423588
1423710
1423722
1423724
1423725
1423737
1423738
1423739
1423759
1423762
1423799
1423801
1423802
1423803
1423837
1423838
1423875
1423876
1423957
1423991
1423993
1424032
1424033
1424035
1424075
1424116
1424152
1424222
1424223
1424226
1424261
1424265
1424266
1424267
1424268
1424269
1424308
1424309
1424350
1424408
1424432
1424454
1424502
1424504
1424528
1424530
1424531
1424556
1424670
1424671
1424695
1424698
1424717
1424718
1424719
1424738
1424739
1424740
1424741
1424759
1424761
1424801
1424803
1424818
1424822
1424856
1424857
1424860
1424871
1425025
1425026
1425068
1425084
1425085
1425097
1425109
1425111
1425197
1425199
1425210
1425785
1425824
1425831
1425967
1425968
1425988
1426021
1426069
1426072
1426118
1426193
1426195
1426344
1426418
1426532
1426635
1426640
1426724
1426737
1426771
1427371
1427401
1427416
1427582
1427593
1428044
1428092
1428136
1428145
1428328
1428382
1428395
1428437
1428469
1428679
1428733
1428770
1428849
1429086
1430945
1430965
1430970
1431013
1434087
1454988
1455009
1455091
1455119
1455158
1455228
1455249
1455254
1455287
1455315
1455447
1455486
1455575
1455818
1455984
1456140
1456199
1456416
1456536
1456537
1456556
1456660
1456662
1456845
1456846
1456923
1457005
1457020
1457056
1457216
1457227
1457243
1457249
1457260
1457265
1457277
1457291
1457309
1457352
1457355
1457416
1457460
1457468
1457477
1457619
1457622
1457723
1457749
1457760
1457842
1457867
1457903
1458082
1458128
1458210
1458234
1458358
1458366
1458383
1458601
1458626
1458656
1458662
1458679
1458707
1458761
1458791
1458833
1458909
1458956
1458957
1458983
1459021
1459038
1459080
1459084
1459122
1459134
1459154
1459161
1459296
1459333
1459469
1459504
1459533
1459574
1459577
1459586
1459623
1459654
1459721
1460561
1460567
1460597
1460616
1460678
1460731
1460759
1460800
1460840
1460856
1460914
1460915
1460920
1460995
1461140
1461244
1461311
1461433
1462111
1462196
1462255
1462476
1462698
1462976
1463100
1463588
1465607
1489979
1495282
1496381
1496631
1496663
1502226
